{
 "cells": [
  {
   "cell_type": "code",
   "execution_count": 1,
   "metadata": {},
   "outputs": [],
   "source": [
    "import sys\n",
    "sys.path.append('/home/v-runmao/projects/DomShift-ATMF')\n",
    "\n",
    "from data import ATMFDataset, DomainSampler\n",
    "import torch\n",
    "from torch.utils.data import DataLoader\n",
    "import numpy as np\n",
    "import os\n",
    "from tqdm.auto import tqdm\n",
    "\n",
    "from helper import get_algorithm_from_root\n",
    "import transformers\n",
    "\n",
    "transformers.logging.set_verbosity_error()  # only report error"
   ]
  },
  {
   "cell_type": "code",
   "execution_count": 2,
   "metadata": {},
   "outputs": [],
   "source": [
    "def analyze_experiment(exp_name):\n",
    "    root = '/home/v-runmao/projects/DomShift-ATMF/pt/'\n",
    "    for target in ['Amazon', 'Twitter', 'MSN', 'Finance']:\n",
    "        discriminate(root, exp_name, target)\n",
    "\n",
    "@torch.no_grad()\n",
    "def discriminate(root, exp_name, target):\n",
    "    prefix = f'search_{exp_name}_tgt_{target[0]}'\n",
    "#     prefix = f'DANN_tgt_{target[0]}'\n",
    "    algo = get_algorithm_from_root(os.path.join(root, exp_name), prefix)\n",
    "    algo.eval()\n",
    "    f = algo.model\n",
    "    \n",
    "    # get data set\n",
    "    full = ATMFDataset('../data/data_root/preprocessed.csv', target[0])\n",
    "    train_set = full.get_subset('train')\n",
    "    loader = DataLoader(train_set, batch_size=16, num_workers=4, pin_memory=True, shuffle=False, drop_last=False)\n",
    "    \n",
    "    # results\n",
    "    probs = []\n",
    "    ds = []\n",
    "    \n",
    "    # loop\n",
    "    for x, y, domain_ids in tqdm(loader):\n",
    "        _ = f(x)\n",
    "        disc_logits, _ = algo._discriminate(f.emb, domain_ids, y=y)\n",
    "        disc_prob = torch.nn.functional.softmax(disc_logits, dim=1)\n",
    "        probs.append(disc_prob.cpu().numpy())\n",
    "        ds.append(domain_ids.cpu().numpy())\n",
    "    \n",
    "    # compute domain_acc, entropy, cross_entropy\n",
    "    probs = np.concatenate(probs, axis=0)  # (N, 3)\n",
    "    avg_probs = np.average(probs, axis=0)\n",
    "    log_probs = np.log(probs)\n",
    "    ds = np.concatenate(ds, axis=0)  # (N,)\n",
    "    N = len(ds)\n",
    "    acc = np.sum(ds == np.argmax(probs, axis=1)) / N\n",
    "    entropy = -np.sum(probs * log_probs) / N\n",
    "    ce = -np.average(log_probs)\n",
    "    \n",
    "    # print results\n",
    "    print('=' * 80)\n",
    "    print(f'Disc Acc: {acc}\\nAvg Prob: {avg_probs}\\nEntropy: {entropy}\\nCross Entropy with Uniform: {ce}')"
   ]
  },
  {
   "cell_type": "code",
   "execution_count": 19,
   "metadata": {},
   "outputs": [
    {
     "data": {
      "application/vnd.jupyter.widget-view+json": {
       "model_id": "bdc549c9c68f48d087e2e323f1de6367",
       "version_major": 2,
       "version_minor": 0
      },
      "text/plain": [
       "  0%|          | 0/743 [00:00<?, ?it/s]"
      ]
     },
     "metadata": {},
     "output_type": "display_data"
    },
    {
     "name": "stdout",
     "output_type": "stream",
     "text": [
      "================================================================================\n",
      "Disc Acc: 0.6773351301271793\n",
      "Avg Prob: [0.5875309  0.28302896 0.12943876]\n",
      "Entropy: 0.6887922406668492\n",
      "Cross Entropy with Uniform: 1.6497249603271484\n"
     ]
    },
    {
     "data": {
      "application/vnd.jupyter.widget-view+json": {
       "model_id": "5bcd134bcb9b4cff96a086f2bd7b607c",
       "version_major": 2,
       "version_minor": 0
      },
      "text/plain": [
       "  0%|          | 0/710 [00:00<?, ?it/s]"
      ]
     },
     "metadata": {},
     "output_type": "display_data"
    },
    {
     "name": "stdout",
     "output_type": "stream",
     "text": [
      "================================================================================\n",
      "Disc Acc: 0.5857268722466961\n",
      "Avg Prob: [0.58084977 0.23979458 0.17935605]\n",
      "Entropy: 0.9321915439151982\n",
      "Cross Entropy with Uniform: 1.2719612121582031\n"
     ]
    },
    {
     "data": {
      "application/vnd.jupyter.widget-view+json": {
       "model_id": "c15ca8ab72504cc6bccfbe08e456c6fa",
       "version_major": 2,
       "version_minor": 0
      },
      "text/plain": [
       "  0%|          | 0/932 [00:00<?, ?it/s]"
      ]
     },
     "metadata": {},
     "output_type": "display_data"
    },
    {
     "name": "stdout",
     "output_type": "stream",
     "text": [
      "================================================================================\n",
      "Disc Acc: 0.5894475397731087\n",
      "Avg Prob: [0.39707896 0.4845573  0.118366  ]\n",
      "Entropy: 0.8703030339581795\n",
      "Cross Entropy with Uniform: 1.4068647623062134\n"
     ]
    },
    {
     "data": {
      "application/vnd.jupyter.widget-view+json": {
       "model_id": "28f0021f71cc4df58e6fabce84d48e3a",
       "version_major": 2,
       "version_minor": 0
      },
      "text/plain": [
       "  0%|          | 0/1044 [00:00<?, ?it/s]"
      ]
     },
     "metadata": {},
     "output_type": "display_data"
    },
    {
     "name": "stdout",
     "output_type": "stream",
     "text": [
      "================================================================================\n",
      "Disc Acc: 0.6357865740463501\n",
      "Avg Prob: [0.43631762 0.31145313 0.2522291 ]\n",
      "Entropy: 0.9759030761572549\n",
      "Cross Entropy with Uniform: 1.2534849643707275\n"
     ]
    }
   ],
   "source": [
    "analyze_experiment('DANN_default')"
   ]
  },
  {
   "cell_type": "markdown",
   "metadata": {},
   "source": [
    "## CDAN"
   ]
  },
  {
   "cell_type": "code",
   "execution_count": 4,
   "metadata": {},
   "outputs": [
    {
     "data": {
      "application/vnd.jupyter.widget-view+json": {
       "model_id": "b5204d21b36c40bab1d5470597f92d6b",
       "version_major": 2,
       "version_minor": 0
      },
      "text/plain": [
       "  0%|          | 0/743 [00:00<?, ?it/s]"
      ]
     },
     "metadata": {},
     "output_type": "display_data"
    },
    {
     "name": "stdout",
     "output_type": "stream",
     "text": [
      "================================================================================\n",
      "Disc Acc: 0.6722816474353576\n",
      "Avg Prob: [0.6130334  0.24935578 0.13761176]\n",
      "Entropy: 0.7122841083761475\n",
      "Cross Entropy with Uniform: 1.583210825920105\n"
     ]
    },
    {
     "data": {
      "application/vnd.jupyter.widget-view+json": {
       "model_id": "c1081146b4464ead84c9c7757c4ecbfe",
       "version_major": 2,
       "version_minor": 0
      },
      "text/plain": [
       "  0%|          | 0/710 [00:00<?, ?it/s]"
      ]
     },
     "metadata": {},
     "output_type": "display_data"
    },
    {
     "name": "stdout",
     "output_type": "stream",
     "text": [
      "================================================================================\n",
      "Disc Acc: 0.5636123348017621\n",
      "Avg Prob: [0.5383009  0.32470274 0.13699411]\n",
      "Entropy: 0.9443025536894273\n",
      "Cross Entropy with Uniform: 1.2709723711013794\n"
     ]
    },
    {
     "data": {
      "application/vnd.jupyter.widget-view+json": {
       "model_id": "356bff4b758c4e779fd14061faa14505",
       "version_major": 2,
       "version_minor": 0
      },
      "text/plain": [
       "  0%|          | 0/932 [00:00<?, ?it/s]"
      ]
     },
     "metadata": {},
     "output_type": "display_data"
    },
    {
     "name": "stdout",
     "output_type": "stream",
     "text": [
      "================================================================================\n",
      "Disc Acc: 0.5858226488554743\n",
      "Avg Prob: [0.37066257 0.53326106 0.09607581]\n",
      "Entropy: 0.8444501199906022\n",
      "Cross Entropy with Uniform: 1.4220298528671265\n"
     ]
    },
    {
     "data": {
      "application/vnd.jupyter.widget-view+json": {
       "model_id": "eb2e969a3f2c4daa922aaabf7b8f28fe",
       "version_major": 2,
       "version_minor": 0
      },
      "text/plain": [
       "  0%|          | 0/1044 [00:00<?, ?it/s]"
      ]
     },
     "metadata": {},
     "output_type": "display_data"
    },
    {
     "name": "stdout",
     "output_type": "stream",
     "text": [
      "================================================================================\n",
      "Disc Acc: 0.5607521408467573\n",
      "Avg Prob: [0.33117625 0.4399383  0.22888619]\n",
      "Entropy: 0.9535862341120726\n",
      "Cross Entropy with Uniform: 1.277261734008789\n"
     ]
    }
   ],
   "source": [
    "analyze_experiment('CDAN_default')"
   ]
  },
  {
   "cell_type": "markdown",
   "metadata": {},
   "source": [
    "## RewDANN"
   ]
  },
  {
   "cell_type": "code",
   "execution_count": 13,
   "metadata": {},
   "outputs": [
    {
     "data": {
      "application/vnd.jupyter.widget-view+json": {
       "model_id": "8c0cb44f88ad40278b3a7d5a104b4304",
       "version_major": 2,
       "version_minor": 0
      },
      "text/plain": [
       "  0%|          | 0/743 [00:00<?, ?it/s]"
      ]
     },
     "metadata": {},
     "output_type": "display_data"
    },
    {
     "name": "stdout",
     "output_type": "stream",
     "text": [
      "================================================================================\n",
      "Disc Acc: 0.6734607933967827\n",
      "Entropy: 0.870611925429546\n",
      "Cross Entropy with Uniform: 1.3643662929534912\n"
     ]
    },
    {
     "data": {
      "application/vnd.jupyter.widget-view+json": {
       "model_id": "0b683c29f003471fa54edc2d7d7e9d91",
       "version_major": 2,
       "version_minor": 0
      },
      "text/plain": [
       "  0%|          | 0/710 [00:00<?, ?it/s]"
      ]
     },
     "metadata": {},
     "output_type": "display_data"
    },
    {
     "name": "stdout",
     "output_type": "stream",
     "text": [
      "================================================================================\n",
      "Disc Acc: 0.4768281938325991\n",
      "Entropy: 1.0559787135187224\n",
      "Cross Entropy with Uniform: 1.1414625644683838\n"
     ]
    },
    {
     "data": {
      "application/vnd.jupyter.widget-view+json": {
       "model_id": "b2f5730ca3e84b85a2d925f3745be742",
       "version_major": 2,
       "version_minor": 0
      },
      "text/plain": [
       "  0%|          | 0/932 [00:00<?, ?it/s]"
      ]
     },
     "metadata": {},
     "output_type": "display_data"
    },
    {
     "name": "stdout",
     "output_type": "stream",
     "text": [
      "================================================================================\n",
      "Disc Acc: 0.5823991407665973\n",
      "Entropy: 0.9879248967913002\n",
      "Cross Entropy with Uniform: 1.2183903455734253\n"
     ]
    },
    {
     "data": {
      "application/vnd.jupyter.widget-view+json": {
       "model_id": "876a0d1865a4485ba6501c5705f312c5",
       "version_major": 2,
       "version_minor": 0
      },
      "text/plain": [
       "  0%|          | 0/1044 [00:00<?, ?it/s]"
      ]
     },
     "metadata": {},
     "output_type": "display_data"
    },
    {
     "name": "stdout",
     "output_type": "stream",
     "text": [
      "================================================================================\n",
      "Disc Acc: 0.5703335529073598\n",
      "Entropy: 1.029982147134559\n",
      "Cross Entropy with Uniform: 1.1752365827560425\n"
     ]
    }
   ],
   "source": [
    "analyze_experiment('RewDANN_default')"
   ]
  },
  {
   "cell_type": "markdown",
   "metadata": {},
   "source": [
    "## UniRewDANN"
   ]
  },
  {
   "cell_type": "code",
   "execution_count": 16,
   "metadata": {},
   "outputs": [
    {
     "data": {
      "application/vnd.jupyter.widget-view+json": {
       "model_id": "1e25efe0b1d24062be3d939802084491",
       "version_major": 2,
       "version_minor": 0
      },
      "text/plain": [
       "  0%|          | 0/743 [00:00<?, ?it/s]"
      ]
     },
     "metadata": {},
     "output_type": "display_data"
    },
    {
     "name": "stdout",
     "output_type": "stream",
     "text": [
      "================================================================================\n",
      "Disc Acc: 0.6744714899351469\n",
      "Avg Prob: [0.4359684  0.29763386 0.26639837]\n",
      "Entropy: 0.9426075213983408\n",
      "Cross Entropy with Uniform: 1.2617679834365845\n"
     ]
    },
    {
     "data": {
      "application/vnd.jupyter.widget-view+json": {
       "model_id": "41f983a8029146699f51b42c0960eaee",
       "version_major": 2,
       "version_minor": 0
      },
      "text/plain": [
       "  0%|          | 0/710 [00:00<?, ?it/s]"
      ]
     },
     "metadata": {},
     "output_type": "display_data"
    },
    {
     "name": "stdout",
     "output_type": "stream",
     "text": [
      "================================================================================\n",
      "Disc Acc: 0.6062555066079295\n",
      "Avg Prob: [0.40777236 0.27506906 0.3171581 ]\n",
      "Entropy: 1.0582392621145373\n",
      "Cross Entropy with Uniform: 1.139184832572937\n"
     ]
    },
    {
     "data": {
      "application/vnd.jupyter.widget-view+json": {
       "model_id": "0dce4c514c544a5ead0dac11136438dd",
       "version_major": 2,
       "version_minor": 0
      },
      "text/plain": [
       "  0%|          | 0/932 [00:00<?, ?it/s]"
      ]
     },
     "metadata": {},
     "output_type": "display_data"
    },
    {
     "name": "stdout",
     "output_type": "stream",
     "text": [
      "================================================================================\n",
      "Disc Acc: 0.5856883936363027\n",
      "Avg Prob: [0.40813366 0.37211734 0.21974647]\n",
      "Entropy: 0.9945358519122978\n",
      "Cross Entropy with Uniform: 1.2118396759033203\n"
     ]
    },
    {
     "data": {
      "application/vnd.jupyter.widget-view+json": {
       "model_id": "ceb45d6a25d147bea28d55223d0cd8f9",
       "version_major": 2,
       "version_minor": 0
      },
      "text/plain": [
       "  0%|          | 0/1044 [00:00<?, ?it/s]"
      ]
     },
     "metadata": {},
     "output_type": "display_data"
    },
    {
     "name": "stdout",
     "output_type": "stream",
     "text": [
      "================================================================================\n",
      "Disc Acc: 0.5305108090304809\n",
      "Avg Prob: [0.3962334  0.32872552 0.2750397 ]\n",
      "Entropy: 1.0200040047308223\n",
      "Cross Entropy with Uniform: 1.188497543334961\n"
     ]
    }
   ],
   "source": [
    "analyze_experiment('UniRewDANN_default')"
   ]
  },
  {
   "cell_type": "markdown",
   "metadata": {},
   "source": [
    "## BlcDANN"
   ]
  },
  {
   "cell_type": "code",
   "execution_count": 3,
   "metadata": {},
   "outputs": [
    {
     "data": {
      "application/vnd.jupyter.widget-view+json": {
       "model_id": "9eea2d7c761b40c19e86d04894cc5acc",
       "version_major": 2,
       "version_minor": 0
      },
      "text/plain": [
       "  0%|          | 0/743 [00:00<?, ?it/s]"
      ]
     },
     "metadata": {},
     "output_type": "display_data"
    },
    {
     "name": "stdout",
     "output_type": "stream",
     "text": [
      "================================================================================\n",
      "Disc Acc: 0.6723658721468879\n",
      "Avg Prob: [0.33456126 0.32814065 0.33729798]\n",
      "Entropy: 1.0015443390465764\n",
      "Cross Entropy with Uniform: 1.2129878997802734\n"
     ]
    },
    {
     "data": {
      "application/vnd.jupyter.widget-view+json": {
       "model_id": "2317447203c748bfa9de2eec9a4187d6",
       "version_major": 2,
       "version_minor": 0
      },
      "text/plain": [
       "  0%|          | 0/710 [00:00<?, ?it/s]"
      ]
     },
     "metadata": {},
     "output_type": "display_data"
    },
    {
     "name": "stdout",
     "output_type": "stream",
     "text": [
      "================================================================================\n",
      "Disc Acc: 0.47726872246696034\n",
      "Avg Prob: [0.353768   0.3195573  0.32667524]\n",
      "Entropy: 1.0666463036894274\n",
      "Cross Entropy with Uniform: 1.1307504177093506\n"
     ]
    },
    {
     "data": {
      "application/vnd.jupyter.widget-view+json": {
       "model_id": "ecbc92f45fe647b0a32d9a12afb87bb5",
       "version_major": 2,
       "version_minor": 0
      },
      "text/plain": [
       "  0%|          | 0/932 [00:00<?, ?it/s]"
      ]
     },
     "metadata": {},
     "output_type": "display_data"
    },
    {
     "name": "stdout",
     "output_type": "stream",
     "text": [
      "================================================================================\n",
      "Disc Acc: 0.44968785661542593\n",
      "Avg Prob: [0.3401717  0.3600754  0.29975405]\n",
      "Entropy: 1.0286093414361952\n",
      "Cross Entropy with Uniform: 1.1752594709396362\n"
     ]
    },
    {
     "data": {
      "application/vnd.jupyter.widget-view+json": {
       "model_id": "b3393656901c4aa7a194931cc1ec4e46",
       "version_major": 2,
       "version_minor": 0
      },
      "text/plain": [
       "  0%|          | 0/1044 [00:00<?, ?it/s]"
      ]
     },
     "metadata": {},
     "output_type": "display_data"
    },
    {
     "name": "stdout",
     "output_type": "stream",
     "text": [
      "================================================================================\n",
      "Disc Acc: 0.6014132582789389\n",
      "Avg Prob: [0.35894424 0.3498385  0.2912142 ]\n",
      "Entropy: 0.977891347816486\n",
      "Cross Entropy with Uniform: 1.2351363897323608\n"
     ]
    }
   ],
   "source": [
    "analyze_experiment('BlcDANN_default')"
   ]
  },
  {
   "cell_type": "markdown",
   "metadata": {},
   "source": [
    "# Target: Twitter"
   ]
  },
  {
   "cell_type": "code",
   "execution_count": 2,
   "metadata": {},
   "outputs": [
    {
     "name": "stderr",
     "output_type": "stream",
     "text": [
      "Some weights of the model checkpoint at bert-base-uncased were not used when initializing BertForSequenceClassification: ['cls.predictions.bias', 'cls.predictions.transform.dense.weight', 'cls.predictions.transform.dense.bias', 'cls.predictions.decoder.weight', 'cls.seq_relationship.weight', 'cls.seq_relationship.bias', 'cls.predictions.transform.LayerNorm.weight', 'cls.predictions.transform.LayerNorm.bias']\n",
      "- This IS expected if you are initializing BertForSequenceClassification from the checkpoint of a model trained on another task or with another architecture (e.g. initializing a BertForSequenceClassification model from a BertForPreTraining model).\n",
      "- This IS NOT expected if you are initializing BertForSequenceClassification from the checkpoint of a model that you expect to be exactly identical (initializing a BertForSequenceClassification model from a BertForSequenceClassification model).\n",
      "Some weights of BertForSequenceClassification were not initialized from the model checkpoint at bert-base-uncased and are newly initialized: ['classifier.weight', 'classifier.bias']\n",
      "You should probably TRAIN this model on a down-stream task to be able to use it for predictions and inference.\n"
     ]
    }
   ],
   "source": [
    "dann = get_algorithm_from_root(f'DANN_tgt_T')\n",
    "dann.eval()\n",
    "f, g = dann.model, dann.disc"
   ]
  },
  {
   "cell_type": "code",
   "execution_count": 3,
   "metadata": {},
   "outputs": [],
   "source": [
    "full = ATMFDataset('../data/data_root/preprocessed.csv', 'T')\n",
    "train_set = full.get_subset('train')\n",
    "sampler = DomainSampler(full.domain_ids[train_set.indices],\n",
    "                        16,\n",
    "                        align='truncation')\n",
    "loader = DataLoader(train_set, batch_sampler=sampler, num_workers=4, pin_memory=True)"
   ]
  },
  {
   "cell_type": "code",
   "execution_count": 5,
   "metadata": {},
   "outputs": [
    {
     "name": "stdout",
     "output_type": "stream",
     "text": [
      "tensor([[0.4165, 0.4184, 0.1651],\n",
      "        [0.6419, 0.2294, 0.1287],\n",
      "        [0.4331, 0.3683, 0.1985],\n",
      "        [0.7036, 0.1861, 0.1103],\n",
      "        [0.4492, 0.3523, 0.1985],\n",
      "        [0.4326, 0.3963, 0.1711],\n",
      "        [0.4318, 0.3843, 0.1839],\n",
      "        [0.4408, 0.3885, 0.1707],\n",
      "        [0.6414, 0.2023, 0.1563],\n",
      "        [0.4346, 0.3733, 0.1922],\n",
      "        [0.4432, 0.3697, 0.1871],\n",
      "        [0.4366, 0.3899, 0.1735],\n",
      "        [0.6981, 0.1863, 0.1156],\n",
      "        [0.4267, 0.3796, 0.1937],\n",
      "        [0.4412, 0.3697, 0.1891],\n",
      "        [0.4385, 0.3771, 0.1844],\n",
      "        [0.4079, 0.3972, 0.1948],\n",
      "        [0.6148, 0.2366, 0.1486],\n",
      "        [0.6455, 0.2192, 0.1353],\n",
      "        [0.4226, 0.3895, 0.1879],\n",
      "        [0.3879, 0.4539, 0.1582],\n",
      "        [0.3749, 0.4471, 0.1780],\n",
      "        [0.6833, 0.1877, 0.1289],\n",
      "        [0.4208, 0.3945, 0.1847],\n",
      "        [0.4132, 0.4041, 0.1826],\n",
      "        [0.6247, 0.2295, 0.1458],\n",
      "        [0.4128, 0.4066, 0.1806],\n",
      "        [0.4092, 0.4027, 0.1882],\n",
      "        [0.4126, 0.4060, 0.1814],\n",
      "        [0.6628, 0.2153, 0.1219],\n",
      "        [0.6401, 0.2185, 0.1415],\n",
      "        [0.6518, 0.2118, 0.1364],\n",
      "        [0.6604, 0.1982, 0.1414],\n",
      "        [0.4171, 0.3824, 0.2005],\n",
      "        [0.4303, 0.3861, 0.1836],\n",
      "        [0.6436, 0.2135, 0.1428],\n",
      "        [0.4141, 0.3856, 0.2003],\n",
      "        [0.3987, 0.4021, 0.1992],\n",
      "        [0.6329, 0.2230, 0.1440],\n",
      "        [0.4262, 0.3797, 0.1942],\n",
      "        [0.6401, 0.2156, 0.1443],\n",
      "        [0.4005, 0.3705, 0.2290],\n",
      "        [0.6198, 0.2269, 0.1533],\n",
      "        [0.2590, 0.6158, 0.1252],\n",
      "        [0.4240, 0.3774, 0.1986],\n",
      "        [0.4036, 0.3854, 0.2110],\n",
      "        [0.4059, 0.3954, 0.1987],\n",
      "        [0.4085, 0.3916, 0.1999]])\n",
      "tensor([0, 0, 0, 0, 0, 0, 0, 0, 0, 0, 0, 0, 0, 0, 0, 0, 1, 1, 1, 1, 1, 1, 1, 1,\n",
      "        1, 1, 1, 1, 1, 1, 1, 1, 2, 2, 2, 2, 2, 2, 2, 2, 2, 2, 2, 2, 2, 2, 2, 2])\n",
      "tensor([[0.6945, 0.1960, 0.1095],\n",
      "        [0.7025, 0.1759, 0.1216],\n",
      "        [0.4205, 0.4419, 0.1377],\n",
      "        [0.4422, 0.3759, 0.1818],\n",
      "        [0.7112, 0.1765, 0.1123],\n",
      "        [0.6775, 0.2051, 0.1174],\n",
      "        [0.4275, 0.3862, 0.1862],\n",
      "        [0.6999, 0.1898, 0.1104],\n",
      "        [0.4379, 0.3804, 0.1817],\n",
      "        [0.4413, 0.3648, 0.1939],\n",
      "        [0.4343, 0.3885, 0.1773],\n",
      "        [0.6995, 0.1714, 0.1291],\n",
      "        [0.4547, 0.3513, 0.1940],\n",
      "        [0.6637, 0.2133, 0.1230],\n",
      "        [0.4353, 0.3744, 0.1904],\n",
      "        [0.6730, 0.2051, 0.1219],\n",
      "        [0.3559, 0.5165, 0.1275],\n",
      "        [0.6988, 0.1799, 0.1212],\n",
      "        [0.6190, 0.2327, 0.1483],\n",
      "        [0.6416, 0.2193, 0.1392],\n",
      "        [0.4100, 0.4095, 0.1805],\n",
      "        [0.4229, 0.3919, 0.1853],\n",
      "        [0.3146, 0.5173, 0.1682],\n",
      "        [0.4165, 0.3910, 0.1924],\n",
      "        [0.4326, 0.3796, 0.1878],\n",
      "        [0.6572, 0.2056, 0.1372],\n",
      "        [0.4126, 0.4091, 0.1783],\n",
      "        [0.4101, 0.3985, 0.1915],\n",
      "        [0.3834, 0.4409, 0.1757],\n",
      "        [0.6546, 0.2055, 0.1399],\n",
      "        [0.6354, 0.2245, 0.1401],\n",
      "        [0.4306, 0.3837, 0.1857],\n",
      "        [0.6131, 0.2325, 0.1544],\n",
      "        [0.4199, 0.3735, 0.2066],\n",
      "        [0.4089, 0.3991, 0.1920],\n",
      "        [0.4134, 0.3807, 0.2059],\n",
      "        [0.6242, 0.2244, 0.1513],\n",
      "        [0.6905, 0.1701, 0.1394],\n",
      "        [0.6151, 0.2312, 0.1537],\n",
      "        [0.4159, 0.3833, 0.2008],\n",
      "        [0.6323, 0.2201, 0.1476],\n",
      "        [0.6580, 0.2020, 0.1400],\n",
      "        [0.6982, 0.1692, 0.1326],\n",
      "        [0.4276, 0.3690, 0.2034],\n",
      "        [0.3752, 0.3899, 0.2349],\n",
      "        [0.4198, 0.3897, 0.1904],\n",
      "        [0.6323, 0.2193, 0.1485],\n",
      "        [0.6189, 0.2282, 0.1528]])\n",
      "tensor([0, 0, 0, 0, 0, 0, 0, 0, 0, 0, 0, 0, 0, 0, 0, 0, 1, 1, 1, 1, 1, 1, 1, 1,\n",
      "        1, 1, 1, 1, 1, 1, 1, 1, 2, 2, 2, 2, 2, 2, 2, 2, 2, 2, 2, 2, 2, 2, 2, 2])\n",
      "tensor([[0.4482, 0.3551, 0.1967],\n",
      "        [0.7048, 0.1878, 0.1074],\n",
      "        [0.7039, 0.1779, 0.1182],\n",
      "        [0.4470, 0.3713, 0.1817],\n",
      "        [0.4409, 0.3828, 0.1763],\n",
      "        [0.6703, 0.2037, 0.1259],\n",
      "        [0.4303, 0.4014, 0.1683],\n",
      "        [0.6798, 0.2004, 0.1198],\n",
      "        [0.6614, 0.2111, 0.1275],\n",
      "        [0.4282, 0.3665, 0.2053],\n",
      "        [0.4253, 0.3836, 0.1911],\n",
      "        [0.4429, 0.3833, 0.1738],\n",
      "        [0.4287, 0.3898, 0.1816],\n",
      "        [0.6873, 0.2056, 0.1071],\n",
      "        [0.6642, 0.2125, 0.1233],\n",
      "        [0.4295, 0.3813, 0.1891],\n",
      "        [0.6160, 0.2356, 0.1484],\n",
      "        [0.4093, 0.4142, 0.1765],\n",
      "        [0.6434, 0.2188, 0.1378],\n",
      "        [0.4176, 0.3969, 0.1855],\n",
      "        [0.4225, 0.3873, 0.1901],\n",
      "        [0.3706, 0.4823, 0.1471],\n",
      "        [0.4232, 0.3906, 0.1862],\n",
      "        [0.4159, 0.3994, 0.1847],\n",
      "        [0.4183, 0.4034, 0.1784],\n",
      "        [0.4073, 0.4445, 0.1482],\n",
      "        [0.6717, 0.1902, 0.1382],\n",
      "        [0.4232, 0.3920, 0.1849],\n",
      "        [0.3925, 0.4293, 0.1782],\n",
      "        [0.4134, 0.3990, 0.1875],\n",
      "        [0.4088, 0.4113, 0.1798],\n",
      "        [0.3948, 0.4720, 0.1332],\n",
      "        [0.4138, 0.3749, 0.2114],\n",
      "        [0.6463, 0.2059, 0.1478],\n",
      "        [0.4309, 0.3652, 0.2039],\n",
      "        [0.4155, 0.3903, 0.1941],\n",
      "        [0.4090, 0.3811, 0.2098],\n",
      "        [0.3935, 0.3801, 0.2263],\n",
      "        [0.4250, 0.3832, 0.1918],\n",
      "        [0.3947, 0.4047, 0.2006],\n",
      "        [0.4138, 0.3776, 0.2086],\n",
      "        [0.4097, 0.3782, 0.2121],\n",
      "        [0.6287, 0.2231, 0.1481],\n",
      "        [0.3941, 0.3959, 0.2099],\n",
      "        [0.6559, 0.2044, 0.1397],\n",
      "        [0.6497, 0.2046, 0.1457],\n",
      "        [0.4186, 0.3891, 0.1923],\n",
      "        [0.3895, 0.4089, 0.2016]])\n",
      "tensor([0, 0, 0, 0, 0, 0, 0, 0, 0, 0, 0, 0, 0, 0, 0, 0, 1, 1, 1, 1, 1, 1, 1, 1,\n",
      "        1, 1, 1, 1, 1, 1, 1, 1, 2, 2, 2, 2, 2, 2, 2, 2, 2, 2, 2, 2, 2, 2, 2, 2])\n",
      "tensor([[0.4180, 0.4152, 0.1668],\n",
      "        [0.4381, 0.3890, 0.1729],\n",
      "        [0.4488, 0.3712, 0.1800],\n",
      "        [0.6788, 0.2017, 0.1195],\n",
      "        [0.4378, 0.3715, 0.1907],\n",
      "        [0.4355, 0.3771, 0.1874],\n",
      "        [0.3123, 0.5894, 0.0983],\n",
      "        [0.4359, 0.3714, 0.1927],\n",
      "        [0.6728, 0.2090, 0.1182],\n",
      "        [0.4407, 0.3650, 0.1943],\n",
      "        [0.6725, 0.2046, 0.1229],\n",
      "        [0.6913, 0.1932, 0.1155],\n",
      "        [0.6938, 0.1780, 0.1282],\n",
      "        [0.4454, 0.3588, 0.1958],\n",
      "        [0.4365, 0.3593, 0.2041],\n",
      "        [0.6827, 0.2007, 0.1166],\n",
      "        [0.4154, 0.4044, 0.1802],\n",
      "        [0.4013, 0.4450, 0.1537],\n",
      "        [0.4268, 0.3819, 0.1913],\n",
      "        [0.4203, 0.4017, 0.1780],\n",
      "        [0.4025, 0.4400, 0.1576],\n",
      "        [0.4179, 0.4009, 0.1812],\n",
      "        [0.4166, 0.4109, 0.1725],\n",
      "        [0.6781, 0.1834, 0.1385],\n",
      "        [0.3828, 0.4960, 0.1212],\n",
      "        [0.4156, 0.3843, 0.2000],\n",
      "        [0.4221, 0.3938, 0.1841],\n",
      "        [0.6359, 0.2172, 0.1470],\n",
      "        [0.6498, 0.2150, 0.1352],\n",
      "        [0.6936, 0.1887, 0.1177],\n",
      "        [0.6221, 0.2319, 0.1459],\n",
      "        [0.4109, 0.4015, 0.1876],\n",
      "        [0.4083, 0.3809, 0.2109],\n",
      "        [0.4145, 0.3801, 0.2054],\n",
      "        [0.6681, 0.1951, 0.1367],\n",
      "        [0.4031, 0.3846, 0.2123],\n",
      "        [0.4153, 0.3970, 0.1877],\n",
      "        [0.6163, 0.2306, 0.1531],\n",
      "        [0.4073, 0.3768, 0.2159],\n",
      "        [0.4095, 0.3836, 0.2069],\n",
      "        [0.4128, 0.3849, 0.2023],\n",
      "        [0.4214, 0.3688, 0.2098],\n",
      "        [0.4156, 0.3922, 0.1922],\n",
      "        [0.6881, 0.1636, 0.1483],\n",
      "        [0.6529, 0.2005, 0.1466],\n",
      "        [0.4104, 0.3856, 0.2039],\n",
      "        [0.6204, 0.2309, 0.1487],\n",
      "        [0.4145, 0.3951, 0.1904]])\n",
      "tensor([0, 0, 0, 0, 0, 0, 0, 0, 0, 0, 0, 0, 0, 0, 0, 0, 1, 1, 1, 1, 1, 1, 1, 1,\n",
      "        1, 1, 1, 1, 1, 1, 1, 1, 2, 2, 2, 2, 2, 2, 2, 2, 2, 2, 2, 2, 2, 2, 2, 2])\n",
      "tensor([[0.7160, 0.1817, 0.1023],\n",
      "        [0.6639, 0.2072, 0.1289],\n",
      "        [0.7029, 0.1869, 0.1102],\n",
      "        [0.6715, 0.2078, 0.1207],\n",
      "        [0.4331, 0.3754, 0.1915],\n",
      "        [0.6681, 0.2041, 0.1278],\n",
      "        [0.4196, 0.4192, 0.1612],\n",
      "        [0.4329, 0.3987, 0.1684],\n",
      "        [0.6723, 0.2076, 0.1201],\n",
      "        [0.4444, 0.3702, 0.1854],\n",
      "        [0.7199, 0.1763, 0.1037],\n",
      "        [0.7196, 0.1735, 0.1069],\n",
      "        [0.4353, 0.3815, 0.1832],\n",
      "        [0.6982, 0.1864, 0.1153],\n",
      "        [0.6968, 0.1890, 0.1142],\n",
      "        [0.6843, 0.2061, 0.1096],\n",
      "        [0.4096, 0.4324, 0.1580],\n",
      "        [0.6431, 0.2170, 0.1400],\n",
      "        [0.6301, 0.2261, 0.1438],\n",
      "        [0.4141, 0.3992, 0.1867],\n",
      "        [0.6863, 0.1896, 0.1242],\n",
      "        [0.6285, 0.2287, 0.1428],\n",
      "        [0.3148, 0.5575, 0.1277],\n",
      "        [0.4206, 0.3870, 0.1924],\n",
      "        [0.4148, 0.4002, 0.1850],\n",
      "        [0.3548, 0.5019, 0.1433],\n",
      "        [0.4308, 0.4009, 0.1683],\n",
      "        [0.6826, 0.1889, 0.1285],\n",
      "        [0.6472, 0.2141, 0.1388],\n",
      "        [0.6146, 0.2402, 0.1452],\n",
      "        [0.4214, 0.3890, 0.1896],\n",
      "        [0.3901, 0.4517, 0.1583],\n",
      "        [0.2871, 0.5324, 0.1805],\n",
      "        [0.4072, 0.3818, 0.2110],\n",
      "        [0.6305, 0.2210, 0.1485],\n",
      "        [0.4162, 0.3762, 0.2076],\n",
      "        [0.4087, 0.3799, 0.2114],\n",
      "        [0.4191, 0.3717, 0.2092],\n",
      "        [0.4001, 0.4257, 0.1742],\n",
      "        [0.4127, 0.3895, 0.1978],\n",
      "        [0.4002, 0.4131, 0.1867],\n",
      "        [0.4132, 0.3839, 0.2029],\n",
      "        [0.6182, 0.2312, 0.1506],\n",
      "        [0.4140, 0.3846, 0.2014],\n",
      "        [0.4221, 0.3882, 0.1897],\n",
      "        [0.4119, 0.3973, 0.1908],\n",
      "        [0.3980, 0.4098, 0.1921],\n",
      "        [0.6199, 0.2301, 0.1500]])\n",
      "tensor([0, 0, 0, 0, 0, 0, 0, 0, 0, 0, 0, 0, 0, 0, 0, 0, 1, 1, 1, 1, 1, 1, 1, 1,\n",
      "        1, 1, 1, 1, 1, 1, 1, 1, 2, 2, 2, 2, 2, 2, 2, 2, 2, 2, 2, 2, 2, 2, 2, 2])\n"
     ]
    },
    {
     "name": "stdout",
     "output_type": "stream",
     "text": [
      "tensor([[0.4355, 0.4307, 0.1339],\n",
      "        [0.6869, 0.2020, 0.1111],\n",
      "        [0.6921, 0.1897, 0.1181],\n",
      "        [0.6813, 0.2002, 0.1185],\n",
      "        [0.4261, 0.3794, 0.1945],\n",
      "        [0.4387, 0.3689, 0.1924],\n",
      "        [0.6790, 0.2058, 0.1153],\n",
      "        [0.7003, 0.1819, 0.1178],\n",
      "        [0.6653, 0.2126, 0.1221],\n",
      "        [0.6697, 0.2081, 0.1222],\n",
      "        [0.4427, 0.3667, 0.1906],\n",
      "        [0.4309, 0.3689, 0.2002],\n",
      "        [0.7015, 0.1951, 0.1034],\n",
      "        [0.4310, 0.3809, 0.1882],\n",
      "        [0.4338, 0.3797, 0.1864],\n",
      "        [0.6532, 0.2158, 0.1310],\n",
      "        [0.6189, 0.2357, 0.1454],\n",
      "        [0.4141, 0.4016, 0.1844],\n",
      "        [0.4192, 0.4024, 0.1784],\n",
      "        [0.4174, 0.3890, 0.1937],\n",
      "        [0.6893, 0.1789, 0.1318],\n",
      "        [0.6296, 0.2296, 0.1409],\n",
      "        [0.4151, 0.4093, 0.1757],\n",
      "        [0.4161, 0.3900, 0.1939],\n",
      "        [0.4143, 0.3930, 0.1927],\n",
      "        [0.4199, 0.4117, 0.1684],\n",
      "        [0.3973, 0.4353, 0.1673],\n",
      "        [0.4277, 0.3788, 0.1935],\n",
      "        [0.2848, 0.6307, 0.0846],\n",
      "        [0.4041, 0.4183, 0.1775],\n",
      "        [0.6887, 0.1830, 0.1283],\n",
      "        [0.6466, 0.2200, 0.1334],\n",
      "        [0.3999, 0.4009, 0.1992],\n",
      "        [0.6199, 0.2308, 0.1493],\n",
      "        [0.4223, 0.3775, 0.2003],\n",
      "        [0.3837, 0.4435, 0.1728],\n",
      "        [0.4094, 0.3965, 0.1941],\n",
      "        [0.6383, 0.2124, 0.1493],\n",
      "        [0.4114, 0.3972, 0.1914],\n",
      "        [0.6560, 0.2024, 0.1416],\n",
      "        [0.3881, 0.4289, 0.1830],\n",
      "        [0.4181, 0.3637, 0.2182],\n",
      "        [0.4009, 0.4217, 0.1774],\n",
      "        [0.6472, 0.2119, 0.1409],\n",
      "        [0.4205, 0.3854, 0.1941],\n",
      "        [0.4175, 0.3763, 0.2062],\n",
      "        [0.6243, 0.2259, 0.1498],\n",
      "        [0.6394, 0.2137, 0.1470]])\n",
      "tensor([0, 0, 0, 0, 0, 0, 0, 0, 0, 0, 0, 0, 0, 0, 0, 0, 1, 1, 1, 1, 1, 1, 1, 1,\n",
      "        1, 1, 1, 1, 1, 1, 1, 1, 2, 2, 2, 2, 2, 2, 2, 2, 2, 2, 2, 2, 2, 2, 2, 2])\n",
      "tensor([[0.7088, 0.1745, 0.1167],\n",
      "        [0.4504, 0.3737, 0.1759],\n",
      "        [0.4439, 0.3676, 0.1884],\n",
      "        [0.6911, 0.1910, 0.1179],\n",
      "        [0.4366, 0.3717, 0.1916],\n",
      "        [0.4223, 0.3924, 0.1853],\n",
      "        [0.4331, 0.3877, 0.1792],\n",
      "        [0.6683, 0.2073, 0.1245],\n",
      "        [0.6755, 0.2039, 0.1207],\n",
      "        [0.4383, 0.3799, 0.1817],\n",
      "        [0.4324, 0.3777, 0.1899],\n",
      "        [0.7116, 0.1774, 0.1110],\n",
      "        [0.6710, 0.2055, 0.1236],\n",
      "        [0.6559, 0.2180, 0.1261],\n",
      "        [0.4294, 0.3739, 0.1967],\n",
      "        [0.4268, 0.4055, 0.1677],\n",
      "        [0.2478, 0.6443, 0.1080],\n",
      "        [0.4270, 0.3977, 0.1752],\n",
      "        [0.4176, 0.3909, 0.1915],\n",
      "        [0.4129, 0.3958, 0.1912],\n",
      "        [0.6595, 0.2086, 0.1319],\n",
      "        [0.3610, 0.4489, 0.1901],\n",
      "        [0.4064, 0.4359, 0.1577],\n",
      "        [0.6106, 0.2373, 0.1521],\n",
      "        [0.4178, 0.4004, 0.1818],\n",
      "        [0.4075, 0.4091, 0.1835],\n",
      "        [0.3948, 0.4492, 0.1560],\n",
      "        [0.4174, 0.3951, 0.1875],\n",
      "        [0.3865, 0.4763, 0.1372],\n",
      "        [0.4214, 0.3839, 0.1948],\n",
      "        [0.4202, 0.3882, 0.1916],\n",
      "        [0.4261, 0.3880, 0.1860],\n",
      "        [0.4137, 0.3801, 0.2062],\n",
      "        [0.6760, 0.1898, 0.1341],\n",
      "        [0.3745, 0.4597, 0.1658],\n",
      "        [0.6650, 0.1991, 0.1359],\n",
      "        [0.6265, 0.2257, 0.1477],\n",
      "        [0.6279, 0.2193, 0.1528],\n",
      "        [0.4119, 0.4020, 0.1861],\n",
      "        [0.6641, 0.1919, 0.1440],\n",
      "        [0.4216, 0.3820, 0.1964],\n",
      "        [0.4215, 0.3809, 0.1975],\n",
      "        [0.6461, 0.2106, 0.1433],\n",
      "        [0.6340, 0.2176, 0.1485],\n",
      "        [0.4232, 0.3748, 0.2020],\n",
      "        [0.4156, 0.3819, 0.2025],\n",
      "        [0.4183, 0.3766, 0.2052],\n",
      "        [0.4232, 0.3756, 0.2013]])\n",
      "tensor([0, 0, 0, 0, 0, 0, 0, 0, 0, 0, 0, 0, 0, 0, 0, 0, 1, 1, 1, 1, 1, 1, 1, 1,\n",
      "        1, 1, 1, 1, 1, 1, 1, 1, 2, 2, 2, 2, 2, 2, 2, 2, 2, 2, 2, 2, 2, 2, 2, 2])\n",
      "tensor([[0.6766, 0.2067, 0.1167],\n",
      "        [0.4440, 0.3711, 0.1849],\n",
      "        [0.4235, 0.4017, 0.1747],\n",
      "        [0.7068, 0.1818, 0.1114],\n",
      "        [0.6500, 0.2202, 0.1298],\n",
      "        [0.6844, 0.2046, 0.1110],\n",
      "        [0.6869, 0.1916, 0.1215],\n",
      "        [0.4570, 0.3521, 0.1910],\n",
      "        [0.7063, 0.1815, 0.1122],\n",
      "        [0.4647, 0.3420, 0.1933],\n",
      "        [0.4509, 0.3552, 0.1939],\n",
      "        [0.4362, 0.3848, 0.1790],\n",
      "        [0.6749, 0.2074, 0.1177],\n",
      "        [0.6906, 0.1965, 0.1129],\n",
      "        [0.7249, 0.1628, 0.1124],\n",
      "        [0.6974, 0.1917, 0.1109],\n",
      "        [0.4335, 0.3761, 0.1904],\n",
      "        [0.4048, 0.4270, 0.1681],\n",
      "        [0.4361, 0.3762, 0.1877],\n",
      "        [0.4152, 0.4024, 0.1823],\n",
      "        [0.4244, 0.3841, 0.1915],\n",
      "        [0.4288, 0.3793, 0.1919],\n",
      "        [0.4007, 0.4282, 0.1711],\n",
      "        [0.6202, 0.2340, 0.1458],\n",
      "        [0.4170, 0.4005, 0.1825],\n",
      "        [0.6299, 0.2362, 0.1339],\n",
      "        [0.6113, 0.2372, 0.1515],\n",
      "        [0.3974, 0.4296, 0.1730],\n",
      "        [0.4274, 0.4026, 0.1700],\n",
      "        [0.4016, 0.4232, 0.1753],\n",
      "        [0.4072, 0.4068, 0.1859],\n",
      "        [0.4155, 0.3896, 0.1949],\n",
      "        [0.4143, 0.3868, 0.1989],\n",
      "        [0.6973, 0.1721, 0.1306],\n",
      "        [0.4071, 0.3908, 0.2021],\n",
      "        [0.4187, 0.3838, 0.1975],\n",
      "        [0.4385, 0.3624, 0.1990],\n",
      "        [0.2596, 0.5940, 0.1464],\n",
      "        [0.4100, 0.3804, 0.2096],\n",
      "        [0.4145, 0.3954, 0.1901],\n",
      "        [0.4279, 0.3751, 0.1969],\n",
      "        [0.4234, 0.3645, 0.2121],\n",
      "        [0.2678, 0.5698, 0.1624],\n",
      "        [0.6692, 0.1895, 0.1412],\n",
      "        [0.6407, 0.2113, 0.1480],\n",
      "        [0.4047, 0.3921, 0.2033],\n",
      "        [0.6097, 0.2376, 0.1527],\n",
      "        [0.6766, 0.1692, 0.1542]])\n",
      "tensor([0, 0, 0, 0, 0, 0, 0, 0, 0, 0, 0, 0, 0, 0, 0, 0, 1, 1, 1, 1, 1, 1, 1, 1,\n",
      "        1, 1, 1, 1, 1, 1, 1, 1, 2, 2, 2, 2, 2, 2, 2, 2, 2, 2, 2, 2, 2, 2, 2, 2])\n",
      "tensor([[0.6539, 0.2171, 0.1290],\n",
      "        [0.4459, 0.3706, 0.1834],\n",
      "        [0.6822, 0.1979, 0.1199],\n",
      "        [0.4299, 0.3869, 0.1832],\n",
      "        [0.6890, 0.1968, 0.1142],\n",
      "        [0.4336, 0.3908, 0.1756],\n",
      "        [0.6715, 0.2028, 0.1257],\n",
      "        [0.4503, 0.3542, 0.1955],\n",
      "        [0.6806, 0.2001, 0.1193],\n",
      "        [0.7032, 0.1728, 0.1241],\n",
      "        [0.4277, 0.4165, 0.1558],\n",
      "        [0.6590, 0.2149, 0.1260],\n",
      "        [0.6895, 0.1959, 0.1146],\n",
      "        [0.4413, 0.3632, 0.1955],\n",
      "        [0.4331, 0.3698, 0.1971],\n",
      "        [0.6914, 0.1988, 0.1098],\n",
      "        [0.4081, 0.4092, 0.1826],\n",
      "        [0.2347, 0.6657, 0.0995],\n",
      "        [0.4155, 0.4111, 0.1734],\n",
      "        [0.4164, 0.3922, 0.1914],\n",
      "        [0.4254, 0.3834, 0.1912],\n",
